1	20 
2	13 
3	17 
4	25 
5	24 
6	16 
7	18 
8	5 
9	9 
10	23 
11	3 
12	11 
13	9 
14	19 
15	19 
16	24 
17	10 
18	4 
19	15 
20	23 
21	9 
22	23 
23	1 
24	20 
25	19 
26	12 
27	19 
28	24 
29	11 
30	5 
31	17 
32	1 
33	19 
34	19 
35	20 
36	2 
37	6 
38	18 
39	1 
40	6 
41	23 
42	2 
43	17 
44	18 
45	20 
46	11 
47	21 
48	15 
49	10 
50	21 
51	1 
52	6 
53	5 
54	24 
55	25 
56	17 
57	3 
58	16 
59	20 
60	22 
61	1 
62	24 
63	14 
64	13 
65	22 
66	20 
67	25 
68	4 
69	19 
70	22 
71	5 
72	1 
73	10 
74	24 
75	5 
76	12 
77	7 
78	8 
79	12 
80	11 
81	1 
82	25 
83	22 
84	12 
85	3 
86	21 
87	13 
88	21 
89	12 
90	21 
91	25 
92	10 
93	19 
94	4 
95	3 
96	21 
97	19 
98	3 
99	1 
100	17 
101	11 
102	24 
103	17 
104	16 
105	23 
106	13 
107	1 
108	24 
109	16 
110	9 
111	11 
112	8 
113	1 
114	25 
115	6 
116	6 
117	17 
118	13 
119	17 
120	21 
121	11 
122	14 
123	23 
124	18 
125	17 
126	10 
127	22 
128	12 
129	21 
130	25 
131	20 
132	25 
133	20 
134	1 
135	22 
136	17 
137	19 
138	24 
139	25 
140	19 
141	15 
142	2 
143	10 
144	1 
145	20 
146	23 
147	7 
148	20 
149	22 
150	20 
151	21 
152	19 
153	12 
154	21 
155	4 
156	6 
157	3 
158	21 
159	18 
160	16 
161	1 
162	23 
163	10 
164	17 
165	12 
166	2 
167	10 
168	21 
169	17 
170	12 
171	18 
172	25 
173	17 
174	14 
175	18 
176	5 
177	11 
178	13 
179	20 
180	23 
181	18 
182	22 
183	3 
184	2 
185	20 
186	23 
187	24 
188	23 
189	4 
190	8 
191	25 
192	24 
193	22 
194	11 
195	8 
196	25 
197	13 
198	23 
199	19 
200	3 
201	24 
202	4 
203	18 
204	6 
205	9 
206	1 
207	14 
208	4 
209	6 
210	1 
211	25 
212	4 
213	10 
214	23 
215	18 
216	10 
217	4 
218	2 
219	20 
220	3 
221	2 
222	4 
223	16 
224	15 
225	24 
226	1 
227	24 
228	2 
229	15 
230	4 
231	4 
232	15 
233	13 
234	17 
235	1 
236	17 
237	10 
238	3 
239	24 
240	7 
241	21 
242	14 
243	19 
244	15 
245	2 
246	2 
247	3 
248	4 
249	8 
250	22 
251	14 
252	19 
253	9 
254	11 
255	18 
256	8 
257	16 
258	18 
259	24 
260	3 
261	16 
262	9 
263	1 
264	21 
265	11 
266	13 
267	10 
268	19 
269	13 
270	13 
271	22 
272	3 
273	12 
274	13 
275	7 
276	23 
277	11 
278	15 
279	5 
280	23 
281	18 
282	11 
283	20 
284	13 
285	5 
286	22 
287	11 
288	17 
289	20 
290	11 
291	17 
292	1 
293	14 
294	1 
295	8 
296	23 
297	25 
298	19 
299	11 
300	14 
301	1 
302	1 
303	18 
304	17 
305	3 
306	16 
307	23 
308	18 
309	17 
310	1 
311	6 
312	13 
313	4 
314	10 
315	17 
316	17 
317	16 
318	12 
319	5 
320	18 
321	7 
322	17 
323	3 
324	11 
325	17 
326	19 
327	11 
328	24 
329	4 
330	7 
331	15 
332	3 
333	14 
334	4 
335	15 
336	4 
337	7 
338	14 
339	18 
340	16 
341	19 
342	9 
343	20 
344	11 
345	1 
346	19 
347	20 
348	10 
349	12 
350	16 
351	6 
352	24 
353	20 
354	2 
355	19 
356	9 
357	11 
358	2 
359	15 
360	4 
361	17 
362	25 
363	12 
364	19 
365	15 
366	17 
367	23 
368	3 
369	16 
370	15 
371	9 
372	7 
373	10 
374	14 
375	19 
376	3 
377	17 
378	20 
379	4 
380	10 
381	2 
382	11 
383	7 
384	10 
385	11 
386	3 
387	23 
388	5 
389	24 
390	21 
391	15 
392	17 
393	5 
394	17 
395	22 
396	11 
397	19 
398	20 
399	3 
400	24 
401	17 
402	21 
403	20 
404	3 
405	19 
406	13 
407	7 
408	13 
409	23 
410	17 
411	8 
412	16 
413	4 
414	6 
415	17 
416	17 
417	6 
418	25 
419	6 
420	16 
421	16 
422	15 
423	10 
424	11 
425	17 
426	19 
427	6 
428	19 
429	24 
430	24 
431	8 
432	22 
433	5 
434	20 
435	18 
436	22 
437	6 
438	3 
439	21 
440	10 
441	18 
442	12 
443	17 
444	18 
445	14 
446	18 
447	14 
448	17 
449	22 
450	20 
451	13 
452	9 
453	9 
454	13 
455	15 
456	12 
457	24 
458	17 
459	4 
460	8 
461	20 
462	4 
463	1 
464	20 
465	14 
466	3 
467	23 
468	25 
469	22 
470	19 
471	16 
472	22 
473	1 
474	15 
475	14 
476	3 
477	8 
478	15 
479	6 
480	11 
481	14 
482	2 
483	17 
484	12 
485	7 
486	22 
487	2 
488	11 
489	2 
490	21 
491	13 
492	20 
493	7 
494	23 
495	3 
496	10 
497	12 
498	11 
499	3 
500	16 
501	5 
502	16 
503	23 
504	19 
505	16 
506	19 
507	6 
508	20 
509	13 
510	23 
511	20 
512	23 
513	1 
514	11 
515	25 
516	19 
517	5 
518	4 
519	2 
520	21 
521	21 
522	10 
523	23 
524	4 
525	1 
526	20 
527	17 
528	13 
529	23 
530	13 
531	21 
532	22 
533	6 
534	25 
535	9 
536	12 
537	1 
538	8 
539	9 
540	5 
541	16 
542	5 
543	5 
544	6 
545	20 
546	15 
547	23 
548	25 
549	16 
550	12 
551	10 
552	22 
553	18 
554	3 
555	11 
556	14 
557	22 
558	8 
559	14 
560	5 
561	14 
562	13 
563	17 
564	12 
565	6 
566	20 
567	12 
568	17 
569	21 
570	23 
571	18 
572	20 
573	14 
574	9 
575	15 
576	7 
577	4 
578	16 
579	20 
580	7 
581	1 
582	18 
583	20 
584	22 
585	9 
586	21 
587	2 
588	4 
589	23 
590	7 
591	2 
592	19 
593	17 
594	5 
595	19 
596	22 
597	22 
598	21 
599	9 
600	17 
601	4 
602	25 
603	9 
604	9 
605	19 
606	25 
607	19 
608	23 
609	2 
610	8 
611	22 
612	1 
613	25 
614	14 
615	13 
616	22 
617	3 
618	19 
619	22 
620	4 
621	6 
622	14 
623	15 
624	23 
625	19 
626	18 
627	21 
628	21 
629	3 
630	1 
631	8 
632	7 
633	23 
634	15 
635	23 
636	11 
637	25 
638	23 
639	9 
640	6 
641	3 
642	24 
643	6 
644	9 
645	24 
646	4 
647	4 
648	6 
649	3 
650	14 
651	13 
652	9 
653	19 
654	11 
655	3 
656	23 
657	23 
658	3 
659	13 
660	3 
661	15 
662	10 
663	1 
664	20 
665	7 
666	22 
667	18 
668	5 
669	24 
670	5 
671	7 
672	14 
673	1 
674	6 
675	15 
676	4 
677	17 
678	24 
679	19 
680	14 
681	12 
682	1 
683	7 
684	24 
685	6 
686	4 
687	6 
688	14 
689	7 
690	25 
691	2 
692	2 
693	13 
694	18 
695	20 
696	25 
697	1 
698	5 
699	10 
700	10 
701	21 
702	6 
703	5 
704	6 
705	25 
706	21 
707	24 
708	6 
709	2 
710	23 
711	13 
712	16 
713	10 
714	12 
715	19 
716	11 
717	17 
718	6 
719	25 
720	3 
721	11 
722	2 
723	17 
724	19 
725	19 
726	11 
727	6 
728	14 
729	19 
730	4 
731	9 
732	9 
733	23 
734	19 
735	1 
736	11 
737	23 
738	19 
739	14 
740	7 
741	20 
742	15 
743	1 
744	24 
745	19 
746	11 
747	19 
748	20 
749	13 
750	8 
751	18 
752	24 
753	4 
754	3 
755	11 
756	19 
757	15 
758	4 
759	4 
760	16 
761	8 
762	9 
763	3 
764	11 
765	9 
766	3 
767	19 
768	20 
769	12 
770	1 
771	7 
772	14 
773	5 
774	25 
775	3 
776	6 
777	23 
778	9 
779	18 
780	20 
781	21 
782	5 
783	1 
784	4 
785	24 
786	10 
787	11 
788	19 
789	6 
790	14 
791	15 
792	9 
793	21 
794	23 
795	9 
796	23 
797	11 
798	22 
799	5 
800	11 
801	3 
802	14 
803	11 
804	18 
805	3 
806	17 
807	15 
808	1 
809	17 
810	12 
811	14 
812	11 
813	14 
814	10 
815	22 
816	5 
817	19 
818	22 
819	13 
820	11 
821	8 
822	21 
823	4 
824	20 
825	12 
826	17 
827	5 
828	14 
829	2 
830	20 
831	8 
832	5 
833	4 
834	20 
835	6 
836	6 
837	2 
838	18 
839	1 
840	23 
841	22 
842	16 
843	8 
844	24 
845	24 
846	3 
847	19 
848	14 
849	3 
850	17 
851	10 
852	16 
853	21 
854	15 
855	14 
856	21 
857	20 
858	10 
859	14 
860	20 
861	19 
862	20 
863	17 
864	12 
865	22 
866	4 
867	25 
868	6 
869	17 
870	17 
871	10 
872	20 
873	21 
874	25 
875	25 
876	3 
877	14 
878	1 
879	5 
880	11 
881	8 
882	4 
883	25 
884	21 
885	8 
886	25 
887	15 
888	24 
889	19 
890	10 
891	25 
892	4 
893	19 
894	15 
895	11 
896	17 
897	1 
898	13 
899	7 
900	22 
901	3 
902	13 
903	10 
904	7 
905	21 
906	14 
907	19 
908	4 
909	18 
910	6 
911	24 
912	9 
913	17 
914	22 
915	9 
916	7 
917	11 
918	15 
919	6 
920	10 
921	16 
922	9 
923	3 
924	18 
925	15 
926	8 
927	23 
928	4 
929	8 
930	4 
931	20 
932	5 
933	9 
934	18 
935	7 
936	13 
937	1 
938	20 
939	19 
940	2 
941	23 
942	1 
943	18 
944	25 
945	14 
946	6 
947	3 
948	6 
949	23 
950	24 
951	25 
952	20 
953	13 
954	17 
955	1 
956	18 
957	19 
958	6 
959	1 
960	11 
961	6 
962	13 
963	5 
964	17 
965	16 
966	6 
967	24 
968	25 
969	7 
970	2 
971	6 
972	22 
973	22 
974	2 
975	19 
976	23 
977	14 
978	1 
979	4 
980	7 
981	7 
982	11 
983	14 
984	2 
985	5 
986	22 
987	8 
988	11 
989	1 
990	4 
991	16 
992	6 
993	17 
994	14 
995	15 
996	21 
997	1 
998	17 
999	20 
1000	13 
